763 6 10
0 0 0 268 370 624 
0 0 0 0 0 0 0 1 0 0 
0 268 370 624 803 1043 
0 0 0 0 0 0 0 1 0 0 
0 254 433 673 807 1039 
0 0 0 0 0 0 0 1 0 0 
0 240 374 606 749 972 
0 0 0 0 0 0 0 1 0 0 
0 232 375 598 758 977 
0 0 0 0 0 0 0 1 0 0 
0 223 383 602 793 981 
0 0 0 0 0 0 0 1 0 0 
0 219 410 598 798 1003 
0 0 0 0 0 0 0 1 0 0 
0 188 388 593 763 999 
0 0 0 0 0 0 0 1 0 0 
0 205 375 611 718 847 
0 0 0 0 0 0 0 1 0 0 
0 236 343 472 526 637 
0 0 0 0 0 0 1 0 0 0 
0 129 183 294 432 691 
0 0 0 0 0 0 1 0 0 0 
0 111 249 508 624 744 
0 0 0 0 0 0 0 1 0 0 
0 259 375 495 567 669 
0 0 0 0 0 0 1 0 0 0 
0 120 192 294 410 606 
0 0 0 0 0 0 1 0 0 0 
0 102 218 414 526 633 
0 0 0 0 0 0 0 1 0 0 
0 196 308 415 495 602 
0 0 0 0 0 0 1 0 0 0 
0 107 187 294 383 646 
0 0 0 0 0 0 1 0 0 0 
0 107 196 459 548 687 
0 0 0 0 0 0 0 1 0 0 
0 263 352 491 558 691 
0 0 0 0 0 0 1 0 0 0 
0 139 206 339 424 1102 
0 0 0 0 0 0 1 0 0 0 
0 133 218 896 994 1292 
0 0 0 0 0 0 0 0 1 0 
0 678 776 1074 1155 1418 
0 0 0 0 0 0 0 1 0 0 
0 298 379 642 767 1395 
0 0 0 0 0 0 0 1 0 0 
0 263 388 1016 1132 1386 
0 0 0 0 0 0 0 0 1 0 
0 628 744 998 1123 1400 
0 0 0 0 0 0 0 1 0 0 
0 0 0 740 754 1503 
0 0 0 0 0 0 0 0 1 0 
0 740 754 1503 1520 2260 
0 0 0 0 0 0 0 0 1 0 
0 749 766 1506 1497 2206 
0 0 0 0 0 0 0 0 1 0 
0 0 0 312 303 1048 
0 0 0 0 0 0 0 1 0 0 
0 312 303 1048 1052 1253 
0 0 0 0 0 0 0 0 1 0 
0 745 749 950 1137 1529 
0 0 0 0 0 0 0 1 0 0 
0 201 388 780 749 1512 
0 0 0 0 0 0 0 1 0 0 
0 392 361 1124 1110 1409 
0 0 0 0 0 0 0 0 1 0 
0 0 0 339 303 1061 
0 0 0 0 0 0 0 1 0 0 
0 339 303 1061 1066 1387 
0 0 0 0 0 0 0 0 1 0 
0 758 763 1084 1191 1583 
0 0 0 0 0 0 0 1 0 0 
0 321 428 820 807 1560 
0 0 0 0 0 0 0 1 0 0 
0 392 379 1132 1110 1382 
0 0 0 0 0 0 0 0 1 0 
0 753 731 1003 1159 1538 
0 0 0 0 0 0 0 1 0 0 
0 272 428 807 793 1511 
0 0 0 0 0 0 0 1 0 0 
0 379 365 1083 1083 1382 
0 0 0 0 0 0 0 0 1 0 
0 0 0 214 156 459 
0 0 0 0 0 0 1 0 0 0 
0 214 156 459 432 727 
0 0 0 0 0 0 1 0 0 0 
0 303 276 571 624 807 
0 0 0 0 0 0 0 1 0 0 
0 295 348 531 500 745 
0 0 0 0 0 0 1 0 0 0 
0 183 152 397 366 714 
0 0 0 0 0 0 1 0 0 0 
0 245 214 562 588 784 
0 0 0 0 0 0 0 1 0 0 
0 348 374 570 544 784 
0 0 0 0 0 0 1 0 0 0 
0 196 170 410 402 767 
0 0 0 0 0 0 1 0 0 0 
0 240 232 597 619 784 
0 0 0 0 0 0 0 1 0 0 
0 365 387 552 548 744 
0 0 0 0 0 0 1 0 0 0 
0 165 161 357 370 705 
0 0 0 0 0 0 1 0 0 0 
0 196 209 544 580 767 
0 0 0 0 0 0 0 1 0 0 
0 335 371 558 540 772 
0 0 0 0 0 0 1 0 0 0 
0 0 0 160 156 312 
0 0 0 0 0 0 1 0 0 0 
0 160 156 312 312 570 
0 0 0 0 0 0 1 0 0 0 
0 156 156 414 387 575 
0 0 0 0 0 0 1 0 0 0 
0 258 231 419 432 708 
0 0 0 0 0 0 1 0 0 0 
0 188 201 477 598 910 
0 0 0 0 0 0 0 1 0 0 
0 276 397 709 776 923 
0 0 0 0 0 0 0 1 0 0 
0 312 379 526 526 722 
0 0 0 0 0 0 1 0 0 0 
0 147 147 343 338 512 
0 0 0 0 0 0 1 0 0 0 
0 196 191 365 356 584 
0 0 0 0 0 0 1 0 0 0 
0 174 165 393 384 696 
0 0 0 0 0 0 1 0 0 0 
0 228 219 531 629 927 
0 0 0 0 0 0 0 1 0 0 
0 0 0 370 361 731 
0 0 0 0 0 0 0 1 0 0 
0 370 361 731 758 918 
0 0 0 0 0 0 0 1 0 0 
0 370 397 557 553 749 
0 0 0 0 0 0 1 0 0 0 
0 160 156 352 343 495 
0 0 0 0 0 0 1 0 0 0 
0 196 187 339 339 548 
0 0 0 0 0 0 1 0 0 0 
0 152 152 361 379 771 
0 0 0 0 0 0 1 0 0 0 
0 209 227 619 628 1016 
0 0 0 0 0 0 0 1 0 0 
0 392 401 789 807 945 
0 0 0 0 0 0 0 1 0 0 
0 388 406 544 539 731 
0 0 0 0 0 0 1 0 0 0 
0 138 133 325 339 495 
0 0 0 0 0 0 1 0 0 0 
0 192 206 362 362 584 
0 0 0 0 0 0 1 0 0 0 
0 156 156 378 392 762 
0 0 0 0 0 0 1 0 0 0 
0 222 236 606 606 940 
0 0 0 0 0 0 0 1 0 0 
0 370 370 704 758 927 
0 0 0 0 0 0 0 1 0 0 
0 334 388 557 552 744 
0 0 0 0 0 0 1 0 0 0 
0 169 164 356 361 552 
0 0 0 0 0 0 1 0 0 0 
0 192 197 388 388 567 
0 0 0 0 0 0 1 0 0 0 
0 0 0 1328 1453 2857 
0 0 0 0 0 0 0 0 0 1 
0 1328 1453 2857 3027 4324 
0 0 0 0 0 0 0 0 0 1 
0 0 0 1382 1511 2947 
0 0 0 0 0 0 0 0 0 1 
0 1382 1511 2947 3094 4458 
0 0 0 0 0 0 0 0 0 1 
0 1436 1583 2947 3081 4463 
0 0 0 0 0 0 0 0 0 1 
0 1364 1498 2880 3041 4521 
0 0 0 0 0 0 0 0 0 1 
0 0 0 1467 1588 2154 
0 0 0 0 0 0 0 0 0 1 
0 1467 1588 2154 2296 2823 
0 0 0 0 0 0 0 0 1 0 
0 566 708 1235 1449 2893 
0 0 0 0 0 0 0 0 1 0 
0 527 741 2185 2301 2511 
0 0 0 0 0 0 0 0 0 1 
0 1444 1560 1770 1930 2532 
0 0 0 0 0 0 0 1 0 0 
0 210 370 972 1088 1324 
0 0 0 0 0 0 0 0 1 0 
0 602 718 954 1115 2648 
0 0 0 0 0 0 0 1 0 0 
0 0 0 1218 1458 2118 
0 0 0 0 0 0 0 0 0 1 
0 1218 1458 2118 2265 2849 
0 0 0 0 0 0 0 0 1 0 
0 660 807 1391 1592 3032 
0 0 0 0 0 0 0 0 1 0 
0 584 785 2225 2372 2555 
0 0 0 0 0 0 0 0 0 1 
0 1440 1587 1770 1908 2564 
0 0 0 0 0 0 0 1 0 0 
0 183 321 977 1066 1315 
0 0 0 0 0 0 0 0 1 0 
0 656 745 994 1128 2470 
0 0 0 0 0 0 0 1 0 0 
0 0 0 1422 1512 2243 
0 0 0 0 0 0 0 0 0 1 
0 1422 1512 2243 2336 2867 
0 0 0 0 0 0 0 0 1 0 
0 731 824 1355 1502 2933 
0 0 0 0 0 0 0 0 1 0 
0 531 678 2109 2221 2510 
0 0 0 0 0 0 0 0 0 1 
0 1431 1543 1832 1966 2586 
0 0 0 0 0 0 0 1 0 0 
0 289 423 1043 1141 1382 
0 0 0 0 0 0 0 0 1 0 
0 620 718 959 1137 2372 
0 0 0 0 0 0 0 1 0 0 
0 0 0 1485 1592 2256 
0 0 0 0 0 0 0 0 0 1 
0 1485 1592 2256 2372 2960 
0 0 0 0 0 0 0 0 1 0 
0 664 780 1368 1533 2973 
0 0 0 0 0 0 0 0 1 0 
0 588 753 2193 2376 2479 
0 0 0 0 0 0 0 0 0 1 
0 1440 1623 1726 1882 2461 
0 0 0 0 0 0 0 1 0 0 
0 103 259 838 994 1231 
0 0 0 0 0 0 0 0 1 0 
0 579 735 972 1128 2501 
0 0 0 0 0 0 0 1 0 0 
0 0 0 633 726 1333 
0 0 0 0 0 0 0 0 1 0 
0 633 726 1333 1471 2840 
0 0 0 0 0 0 0 0 1 0 
0 607 745 2114 2288 2502 
0 0 0 0 0 0 0 0 0 1 
0 1369 1543 1757 1877 2127 
0 0 0 0 0 0 0 1 0 0 
0 214 334 584 700 931 
0 0 0 0 0 0 0 1 0 0 
0 250 366 597 758 963 
0 0 0 0 0 0 0 1 0 0 
0 231 392 597 784 2229 
0 0 0 0 0 0 0 1 0 0 
0 0 0 646 771 1368 
0 0 0 0 0 0 0 0 1 0 
0 646 771 1368 1511 2986 
0 0 0 0 0 0 0 0 1 0 
0 597 740 2215 2304 2460 
0 0 0 0 0 0 0 0 0 1 
0 1475 1564 1720 1872 2135 
0 0 0 0 0 0 0 1 0 0 
0 156 308 571 687 941 
0 0 0 0 0 0 0 1 0 0 
0 263 379 633 771 990 
0 0 0 0 0 0 0 1 0 0 
0 254 392 611 798 2028 
0 0 0 0 0 0 0 1 0 0 
0 0 0 646 771 1368 
0 0 0 0 0 0 0 0 1 0 
0 646 771 1368 1511 2986 
0 0 0 0 0 0 0 0 1 0 
0 597 740 2215 2304 2460 
0 0 0 0 0 0 0 0 0 1 
0 1475 1564 1720 1872 2135 
0 0 0 0 0 0 0 1 0 0 
0 156 308 571 687 941 
0 0 0 0 0 0 0 1 0 0 
0 263 379 633 771 990 
0 0 0 0 0 0 0 1 0 0 
0 254 392 611 798 2028 
0 0 0 0 0 0 0 1 0 0 
0 0 0 254 361 611 
0 0 0 0 0 0 0 1 0 0 
0 254 361 611 749 1342 
0 0 0 0 0 0 0 1 0 0 
0 250 388 981 1168 1444 
0 0 0 0 0 0 0 0 1 0 
0 593 780 1056 1145 1235 
0 0 0 0 0 0 0 1 0 0 
0 276 365 455 548 651 
0 0 0 0 0 0 1 0 0 0 
0 90 183 286 397 580 
0 0 0 0 0 0 1 0 0 0 
0 103 214 397 557 807 
0 0 0 0 0 0 0 1 0 0 
0 183 343 593 753 1890 
0 0 0 0 0 0 0 1 0 0 
0 0 0 668 771 1426 
0 0 0 0 0 0 0 0 1 0 
0 668 771 1426 1529 2198 
0 0 0 0 0 0 0 0 1 0 
0 655 758 1427 1534 2185 
0 0 0 0 0 0 0 0 1 0 
0 669 776 1427 1565 2158 
0 0 0 0 0 0 0 0 1 0 
0 651 789 1382 1524 2157 
0 0 0 0 0 0 0 0 1 0 
0 0 0 705 749 1418 
0 0 0 0 0 0 0 0 1 0 
0 705 749 1418 1529 1801 
0 0 0 0 0 0 0 0 1 0 
0 669 780 1052 1124 1302 
0 0 0 0 0 0 0 1 0 0 
0 272 344 522 540 718 
0 0 0 0 0 0 1 0 0 0 
0 178 196 374 423 673 
0 0 0 0 0 0 1 0 0 0 
0 178 227 477 637 874 
0 0 0 0 0 0 0 1 0 0 
0 250 410 647 798 1324 
0 0 0 0 0 0 0 1 0 0 
0 237 388 914 1102 1998 
0 0 0 0 0 0 0 0 1 0 
0 0 0 366 357 727 
0 0 0 0 0 0 0 1 0 0 
0 366 357 727 718 1124 
0 0 0 0 0 0 0 1 0 0 
0 370 361 767 767 1132 
0 0 0 0 0 0 0 1 0 0 
0 406 406 771 780 1177 
0 0 0 0 0 0 0 1 0 0 
0 365 374 771 753 1141 
0 0 0 0 0 0 0 1 0 0 
0 397 379 767 758 1164 
0 0 0 0 0 0 0 1 0 0 
0 388 379 785 785 1195 
0 0 0 0 0 0 0 1 0 0 
0 406 406 816 807 1231 
0 0 0 0 0 0 0 1 0 0 
0 410 401 825 807 1128 
0 0 0 0 0 0 0 1 0 0 
0 424 406 727 762 1119 
0 0 0 0 0 0 0 1 0 0 
0 321 356 713 722 1003 
0 0 0 0 0 0 0 1 0 0 
0 0 0 745 754 1173 
0 0 0 0 0 0 0 0 1 0 
0 745 754 1173 1128 1569 
0 0 0 0 0 0 0 1 0 0 
0 419 374 815 807 1110 
0 0 0 0 0 0 0 1 0 0 
0 441 433 736 727 945 
0 0 0 0 0 0 0 1 0 0 
0 303 294 512 494 735 
0 0 0 0 0 0 1 0 0 0 
0 218 200 441 432 798 
0 0 0 0 0 0 1 0 0 0 
0 241 232 598 602 986 
0 0 0 0 0 0 0 1 0 0 
0 366 370 754 767 1498 
0 0 0 0 0 0 0 1 0 0 
0 0 0 387 383 757 
0 0 0 0 0 0 0 1 0 0 
0 387 383 757 757 1145 
0 0 0 0 0 0 0 1 0 0 
0 374 374 762 776 1137 
0 0 0 0 0 0 0 1 0 0 
0 388 402 763 754 1164 
0 0 0 0 0 0 0 1 0 0 
0 361 352 762 753 1123 
0 0 0 0 0 0 0 1 0 0 
0 410 401 771 776 1190 
0 0 0 0 0 0 0 1 0 0 
0 370 375 789 780 1155 
0 0 0 0 0 0 0 1 0 0 
0 414 405 780 780 1132 
0 0 0 0 0 0 0 1 0 0 
0 0 0 428 419 780 
0 0 0 0 0 0 0 1 0 0 
0 428 419 780 762 1168 
0 0 0 0 0 0 0 1 0 0 
0 361 343 749 749 1106 
0 0 0 0 0 0 0 1 0 0 
0 406 406 763 767 1164 
0 0 0 0 0 0 0 1 0 0 
0 357 361 758 740 1150 
0 0 0 0 0 0 0 1 0 0 
0 397 379 789 762 1141 
0 0 0 0 0 0 0 1 0 0 
0 410 383 762 767 1146 
0 0 0 0 0 0 0 1 0 0 
0 379 384 763 732 1146 
0 0 0 0 0 0 0 1 0 0 
0 0 0 353 348 692 
0 0 0 0 0 0 0 1 0 0 
0 353 348 692 705 1115 
0 0 0 0 0 0 0 1 0 0 
0 344 357 767 754 1101 
0 0 0 0 0 0 0 1 0 0 
0 410 397 744 762 1168 
0 0 0 0 0 0 0 1 0 0 
0 347 365 771 749 1150 
0 0 0 0 0 0 0 1 0 0 
0 406 384 785 772 1164 
0 0 0 0 0 0 0 1 0 0 
0 401 388 780 789 1181 
0 0 0 0 0 0 0 1 0 0 
0 392 401 793 789 1212 
0 0 0 0 0 0 0 1 0 0 
0 392 388 811 811 1115 
0 0 0 0 0 0 0 1 0 0 
0 423 423 727 744 1128 
0 0 0 0 0 0 0 1 0 0 
0 304 321 705 705 1053 
0 0 0 0 0 0 0 1 0 0 
0 384 384 732 767 2051 
0 0 0 0 0 0 0 1 0 0 
0 0 0 335 335 522 
0 0 0 0 0 0 0 1 0 0 
0 335 335 522 522 740 
0 0 0 0 0 0 1 0 0 0 
0 187 187 405 410 771 
0 0 0 0 0 0 1 0 0 0 
0 218 223 584 579 776 
0 0 0 0 0 0 0 1 0 0 
0 361 356 553 544 744 
0 0 0 0 0 0 1 0 0 0 
0 197 188 388 397 749 
0 0 0 0 0 0 1 0 0 0 
0 200 209 561 561 713 
0 0 0 0 0 0 0 1 0 0 
0 352 352 504 513 731 
0 0 0 0 0 0 1 0 0 0 
0 152 161 379 393 790 
0 0 0 0 0 0 1 0 0 0 
0 218 232 629 620 798 
0 0 0 0 0 0 0 1 0 0 
0 397 388 566 557 785 
0 0 0 0 0 0 1 0 0 0 
0 0 0 174 383 976 
0 0 0 0 0 0 0 1 0 0 
0 174 383 976 1106 1320 
0 0 0 0 0 0 0 0 1 0 
0 593 723 937 1129 1343 
0 0 0 0 0 0 0 1 0 0 
0 214 406 620 789 1395 
0 0 0 0 0 0 0 1 0 0 
0 214 383 989 1119 1315 
0 0 0 0 0 0 0 0 1 0 
0 0 0 762 767 923 
0 0 0 0 0 0 0 0 1 0 
0 762 767 923 950 1150 
0 0 0 0 0 0 1 0 0 0 
0 156 183 383 405 771 
0 0 0 0 0 0 1 0 0 0 
0 200 222 588 597 1319 
0 0 0 0 0 0 0 1 0 0 
0 366 375 1097 1128 1298 
0 0 0 0 0 0 0 0 1 0 
0 722 753 923 936 1137 
0 0 0 0 0 0 1 0 0 0 
0 170 183 384 397 682 
0 0 0 0 0 0 1 0 0 0 
0 0 0 780 776 1159 
0 0 0 0 0 0 0 0 1 0 
0 780 776 1159 1137 1534 
0 0 0 0 0 0 0 1 0 0 
0 383 361 758 758 927 
0 0 0 0 0 0 0 1 0 0 
0 397 397 566 579 735 
0 0 0 0 0 0 1 0 0 0 
0 169 182 338 347 722 
0 0 0 0 0 0 1 0 0 0 
0 156 165 540 544 941 
0 0 0 0 0 0 0 1 0 0 
0 375 379 776 776 1240 
0 0 0 0 0 0 0 1 0 0 
0 0 0 187 160 383 
0 0 0 0 0 0 1 0 0 0 
0 187 160 383 374 543 
0 0 0 0 0 0 1 0 0 0 
0 223 214 383 366 562 
0 0 0 0 0 0 1 0 0 0 
0 169 152 348 392 1021 
0 0 0 0 0 0 1 0 0 0 
0 196 240 869 1021 1199 
0 0 0 0 0 0 0 0 1 0 
0 629 781 959 932 1106 
0 0 0 0 0 0 1 0 0 0 
0 178 151 325 316 512 
0 0 0 0 0 0 1 0 0 0 
0 174 165 361 361 526 
0 0 0 0 0 0 1 0 0 0 
0 196 196 361 397 1115 
0 0 0 0 0 0 1 0 0 0 
0 165 201 919 981 2586 
0 0 0 0 0 0 0 0 1 0 
0 0 0 304 348 651 
0 0 0 0 0 0 0 1 0 0 
0 304 348 651 749 946 
0 0 0 0 0 0 0 1 0 0 
0 303 401 598 575 767 
0 0 0 0 0 0 1 0 0 0 
0 197 174 366 375 589 
0 0 0 0 0 0 1 0 0 0 
0 192 201 415 393 589 
0 0 0 0 0 0 1 0 0 0 
0 214 192 388 392 695 
0 0 0 0 0 0 1 0 0 0 
0 196 200 503 575 887 
0 0 0 0 0 0 0 1 0 0 
0 303 375 687 740 941 
0 0 0 0 0 0 0 1 0 0 
0 312 365 566 548 686 
0 0 0 0 0 0 1 0 0 0 
0 201 183 321 335 584 
0 0 0 0 0 0 1 0 0 0 
0 138 152 401 370 500 
0 0 0 0 0 0 1 0 0 0 
0 249 218 348 459 2051 
0 0 0 0 0 0 1 0 0 0 
0 0 0 205 183 441 
0 0 0 0 0 0 1 0 0 0 
0 205 183 441 433 633 
0 0 0 0 0 0 1 0 0 0 
0 258 250 450 432 629 
0 0 0 0 0 0 1 0 0 0 
0 200 182 379 374 601 
0 0 0 0 0 0 1 0 0 0 
0 197 192 419 575 825 
0 0 0 0 0 0 0 1 0 0 
0 227 383 633 776 936 
0 0 0 0 0 0 0 1 0 0 
0 250 393 553 527 763 
0 0 0 0 0 0 1 0 0 0 
0 160 134 370 343 557 
0 0 0 0 0 0 1 0 0 0 
0 236 209 423 401 619 
0 0 0 0 0 0 1 0 0 0 
0 214 192 410 401 651 
0 0 0 0 0 0 1 0 0 0 
0 218 209 459 588 807 
0 0 0 0 0 0 0 1 0 0 
0 250 379 598 763 2346 
0 0 0 0 0 0 0 1 0 0 
0 0 0 732 723 1472 
0 0 0 0 0 0 0 0 1 0 
0 732 723 1472 1490 2252 
0 0 0 0 0 0 0 0 1 0 
0 749 767 1529 1542 2193 
0 0 0 0 0 0 0 0 1 0 
0 762 775 1426 1498 3134 
0 0 0 0 0 0 0 0 1 0 
0 0 0 412 399 767 
0 0 0 0 0 0 0 1 0 0 
0 412 399 767 763 1482 
0 0 0 0 0 0 0 1 0 0 
0 368 364 1083 1109 1302 
0 0 0 0 0 0 0 0 1 0 
0 719 745 938 925 1122 
0 0 0 0 0 0 1 0 0 0 
0 193 180 377 369 553 
0 0 0 0 0 0 1 0 0 0 
0 197 189 373 364 583 
0 0 0 0 0 0 1 0 0 0 
0 184 175 394 416 789 
0 0 0 0 0 0 1 0 0 0 
0 219 241 614 596 886 
0 0 0 0 0 0 0 1 0 0 
0 373 355 645 767 1171 
0 0 0 0 0 0 0 1 0 0 
0 290 412 816 794 1145 
0 0 0 0 0 0 0 1 0 0 
0 404 382 733 781 1509 
0 0 0 0 0 0 0 1 0 0 
0 351 399 1127 1179 1929 
0 0 0 0 0 0 0 0 1 0 
0 728 780 1530 1526 2253 
0 0 0 0 0 0 0 0 1 0 
0 750 746 1473 1517 2942 
0 0 0 0 0 0 0 0 1 0 
0 727 771 2196 2306 3709 
0 0 0 0 0 0 0 0 0 1 
0 0 0 385 372 758 
0 0 0 0 0 0 0 1 0 0 
0 385 372 758 749 1490 
0 0 0 0 0 0 0 1 0 0 
0 386 377 1118 1118 1302 
0 0 0 0 0 0 0 0 1 0 
0 741 741 925 899 1136 
0 0 0 0 0 0 1 0 0 0 
0 184 158 395 382 557 
0 0 0 0 0 0 1 0 0 0 
0 237 224 399 386 614 
0 0 0 0 0 0 1 0 0 0 
0 175 162 390 394 776 
0 0 0 0 0 0 1 0 0 0 
0 228 232 614 587 890 
0 0 0 0 0 0 0 1 0 0 
0 382 355 658 794 1131 
0 0 0 0 0 0 0 1 0 0 
0 303 439 776 763 1162 
0 0 0 0 0 0 0 1 0 0 
0 337 324 723 745 1491 
0 0 0 0 0 0 0 1 0 0 
0 399 421 1167 1202 2026 
0 0 0 0 0 0 0 0 1 0 
0 746 781 1605 1583 2315 
0 0 0 0 0 0 0 0 1 0 
0 824 802 1534 1534 2933 
0 0 0 0 0 0 0 0 1 0 
0 732 732 2131 2254 3429 
0 0 0 0 0 0 0 0 0 1 
0 0 0 419 410 789 
0 0 0 0 0 0 0 1 0 0 
0 419 410 789 794 1168 
0 0 0 0 0 0 0 1 0 0 
0 379 384 758 767 1151 
0 0 0 0 0 0 0 1 0 0 
0 374 383 767 758 1150 
0 0 0 0 0 0 0 1 0 0 
0 384 375 767 749 1137 
0 0 0 0 0 0 0 1 0 0 
0 392 374 762 758 1150 
0 0 0 0 0 0 0 1 0 0 
0 388 384 776 780 1008 
0 0 0 0 0 0 0 1 0 0 
0 392 396 624 0 0 
0 0 0 0 0 0 0 1 0 0 
0 0 0 410 397 607 
0 0 0 0 0 0 0 1 0 0 
0 410 397 607 589 785 
0 0 0 0 0 0 1 0 0 0 
0 210 192 388 401 597 
0 0 0 0 0 0 1 0 0 0 
0 196 209 405 388 588 
0 0 0 0 0 0 1 0 0 0 
0 196 179 379 375 718 
0 0 0 0 0 0 1 0 0 0 
0 200 196 539 0 0 
0 0 0 0 0 0 0 1 0 0 
0 0 0 196 192 365 
0 0 0 0 0 0 1 0 0 0 
0 196 192 365 388 579 
0 0 0 0 0 0 1 0 0 0 
0 173 196 387 374 566 
0 0 0 0 0 0 1 0 0 0 
0 191 178 370 397 597 
0 0 0 0 0 0 1 0 0 0 
0 192 219 419 401 615 
0 0 0 0 0 0 1 0 0 0 
0 200 182 396 383 588 
0 0 0 0 0 0 1 0 0 0 
0 214 201 406 384 580 
0 0 0 0 0 0 1 0 0 0 
0 205 183 379 0 0 
0 0 0 0 0 0 1 0 0 0 
0 0 0 722 731 1484 
0 0 0 0 0 0 0 0 1 0 
0 722 731 1484 0 0 
0 0 0 0 0 0 0 0 1 0 
0 0 0 191 191 383 
0 0 0 0 0 0 1 0 0 0 
0 191 191 383 374 557 
0 0 0 0 0 0 1 0 0 0 
0 192 183 366 375 544 
0 0 0 0 0 0 1 0 0 0 
0 183 192 361 397 571 
0 0 0 0 0 0 1 0 0 0 
0 169 205 379 370 602 
0 0 0 0 0 0 1 0 0 0 
0 174 165 397 0 0 
0 0 0 0 0 0 1 0 0 0 
0 0 0 402 402 562 
0 0 0 0 0 0 0 1 0 0 
0 402 402 562 562 790 
0 0 0 0 0 0 1 0 0 0 
0 160 160 388 383 575 
0 0 0 0 0 0 1 0 0 0 
0 228 223 415 397 598 
0 0 0 0 0 0 1 0 0 0 
0 192 174 375 384 740 
0 0 0 0 0 0 1 0 0 0 
0 201 210 566 0 0 
0 0 0 0 0 0 0 1 0 0 
0 0 0 695 851 1493 
0 0 0 0 0 0 0 0 1 0 
0 695 851 1493 1596 3089 
0 0 0 0 0 0 0 0 1 0 
0 642 745 2238 0 0 
0 0 0 0 0 0 0 0 0 1 
0 0 0 731 740 1467 
0 0 0 0 0 0 0 0 1 0 
0 731 740 1467 1498 3028 
0 0 0 0 0 0 0 0 1 0 
0 727 758 2288 0 0 
0 0 0 0 0 0 0 0 0 1 
0 0 0 749 749 1507 
0 0 0 0 0 0 0 0 1 0 
0 749 749 1507 1484 3121 
0 0 0 0 0 0 0 0 1 0 
0 758 735 2372 0 0 
0 0 0 0 0 0 0 0 0 1 
0 0 0 383 374 584 
0 0 0 0 0 0 0 1 0 0 
0 383 374 584 539 749 
0 0 0 0 0 0 1 0 0 0 
0 210 165 375 375 589 
0 0 0 0 0 0 1 0 0 0 
0 210 210 424 392 642 
0 0 0 0 0 0 1 0 0 0 
0 214 182 432 423 642 
0 0 0 0 0 0 1 0 0 0 
0 250 241 460 411 531 
0 0 0 0 0 0 1 0 0 0 
0 219 170 290 388 727 
0 0 0 0 0 0 1 0 0 0 
0 120 218 557 530 744 
0 0 0 0 0 0 0 1 0 0 
0 339 312 526 495 691 
0 0 0 0 0 0 1 0 0 0 
0 214 183 379 388 611 
0 0 0 0 0 0 1 0 0 0 
0 196 205 428 401 615 
0 0 0 0 0 0 1 0 0 0 
0 223 196 410 397 624 
0 0 0 0 0 0 1 0 0 0 
0 214 201 428 379 540 
0 0 0 0 0 0 1 0 0 0 
0 227 178 339 423 784 
0 0 0 0 0 0 1 0 0 0 
0 161 245 606 593 776 
0 0 0 0 0 0 0 1 0 0 
0 361 348 531 509 740 
0 0 0 0 0 0 1 0 0 0 
0 183 161 392 388 647 
0 0 0 0 0 0 1 0 0 0 
0 231 227 486 432 642 
0 0 0 0 0 0 1 0 0 0 
0 259 205 415 383 624 
0 0 0 0 0 0 1 0 0 0 
0 210 178 419 392 499 
0 0 0 0 0 0 1 0 0 0 
0 241 214 321 428 1949 
0 0 0 0 0 0 1 0 0 0 
0 107 214 1735 0 0 
0 0 0 0 0 0 0 0 0 1 
0 0 0 401 374 615 
0 0 0 0 0 0 0 1 0 0 
0 401 374 615 557 771 
0 0 0 0 0 0 1 0 0 0 
0 241 183 397 397 638 
0 0 0 0 0 0 1 0 0 0 
0 214 214 455 415 633 
0 0 0 0 0 0 1 0 0 0 
0 241 201 419 370 620 
0 0 0 0 0 0 1 0 0 0 
0 218 169 419 370 526 
0 0 0 0 0 0 1 0 0 0 
0 250 201 357 450 789 
0 0 0 0 0 0 1 0 0 0 
0 156 249 588 539 780 
0 0 0 0 0 0 0 1 0 0 
0 339 290 531 482 705 
0 0 0 0 0 0 1 0 0 0 
0 241 192 415 415 633 
0 0 0 0 0 0 1 0 0 0 
0 223 223 441 397 633 
0 0 0 0 0 0 1 0 0 0 
0 218 174 410 370 620 
0 0 0 0 0 0 1 0 0 0 
0 236 196 446 383 539 
0 0 0 0 0 0 1 0 0 0 
0 250 187 343 432 807 
0 0 0 0 0 0 1 0 0 0 
0 156 245 620 593 816 
0 0 0 0 0 0 0 1 0 0 
0 375 348 571 527 758 
0 0 0 0 0 0 1 0 0 0 
0 223 179 410 397 647 
0 0 0 0 0 0 1 0 0 0 
0 231 218 468 428 646 
0 0 0 0 0 0 1 0 0 0 
0 250 210 428 375 615 
0 0 0 0 0 0 1 0 0 0 
0 218 165 405 361 494 
0 0 0 0 0 0 1 0 0 0 
0 240 196 329 432 1935 
0 0 0 0 0 0 1 0 0 0 
0 133 236 1739 0 0 
0 0 0 0 0 0 0 0 0 1 
0 0 0 352 356 1123 
0 0 0 0 0 0 0 1 0 0 
0 352 356 1123 1110 1507 
0 0 0 0 0 0 0 0 1 0 
0 767 754 1151 1160 1507 
0 0 0 0 0 0 0 1 0 0 
0 397 406 753 776 1525 
0 0 0 0 0 0 0 1 0 0 
0 347 370 1119 1128 1515 
0 0 0 0 0 0 0 0 1 0 
0 749 758 1145 1136 2746 
0 0 0 0 0 0 0 1 0 0 
0 387 378 1988 0 0 
0 0 0 0 0 0 0 0 0 1 
0 0 0 365 370 1101 
0 0 0 0 0 0 0 1 0 0 
0 365 370 1101 1110 1529 
0 0 0 0 0 0 0 0 1 0 
0 731 740 1159 1194 1502 
0 0 0 0 0 0 0 1 0 0 
0 419 454 762 771 1556 
0 0 0 0 0 0 0 1 0 0 
0 308 317 1102 1102 1481 
0 0 0 0 0 0 0 0 1 0 
0 785 785 1164 1173 2760 
0 0 0 0 0 0 0 1 0 0 
0 379 388 1975 0 0 
0 0 0 0 0 0 0 0 0 1 
0 0 0 356 379 1177 
0 0 0 0 0 0 0 1 0 0 
0 356 379 1177 1163 1556 
0 0 0 0 0 0 0 0 1 0 
0 798 784 1177 1168 1524 
0 0 0 0 0 0 0 1 0 0 
0 393 384 740 740 1516 
0 0 0 0 0 0 0 1 0 0 
0 356 356 1132 1110 1520 
0 0 0 0 0 0 0 0 1 0 
0 776 754 1164 1169 2734 
0 0 0 0 0 0 0 1 0 0 
0 410 415 1980 0 0 
0 0 0 0 0 0 0 0 0 1 
0 0 0 379 374 1146 
0 0 0 0 0 0 0 1 0 0 
0 379 374 1146 1141 1516 
0 0 0 0 0 0 0 0 1 0 
0 772 767 1142 1137 1521 
0 0 0 0 0 0 0 1 0 0 
0 375 370 754 767 1538 
0 0 0 0 0 0 0 1 0 0 
0 384 397 1168 1168 1543 
0 0 0 0 0 0 0 0 1 0 
0 771 771 1146 1146 2715 
0 0 0 0 0 0 0 1 0 0 
0 375 375 1944 0 0 
0 0 0 0 0 0 0 0 0 1 
0 0 0 347 352 1096 
0 0 0 0 0 0 0 1 0 0 
0 347 352 1096 1101 1493 
0 0 0 0 0 0 0 0 1 0 
0 744 749 1141 1177 1520 
0 0 0 0 0 0 0 1 0 0 
0 392 428 771 784 1565 
0 0 0 0 0 0 0 1 0 0 
0 343 356 1137 1119 1502 
0 0 0 0 0 0 0 0 1 0 
0 781 763 1146 1142 2747 
0 0 0 0 0 0 0 1 0 0 
0 383 379 1984 0 0 
0 0 0 0 0 0 0 0 0 1 
0 0 0 182 178 410 
0 0 0 0 0 0 1 0 0 0 
0 182 178 410 392 601 
0 0 0 0 0 0 1 0 0 0 
0 232 214 423 388 566 
0 0 0 0 0 0 1 0 0 0 
0 209 174 352 379 548 
0 0 0 0 0 0 1 0 0 0 
0 178 205 374 348 744 
0 0 0 0 0 0 1 0 0 0 
0 169 143 539 548 731 
0 0 0 0 0 0 0 1 0 0 
0 396 405 588 601 1645 
0 0 0 0 0 0 1 0 0 0 
0 183 196 1240 0 0 
0 0 0 0 0 0 0 0 1 0 
0 0 0 218 192 406 
0 0 0 0 0 0 1 0 0 0 
0 218 192 406 397 606 
0 0 0 0 0 0 1 0 0 0 
0 214 205 414 383 593 
0 0 0 0 0 0 1 0 0 0 
0 209 178 388 388 606 
0 0 0 0 0 0 1 0 0 0 
0 210 210 428 419 785 
0 0 0 0 0 0 1 0 0 0 
0 218 209 575 552 753 
0 0 0 0 0 0 0 1 0 0 
0 366 343 544 557 1173 
0 0 0 0 0 0 1 0 0 0 
0 201 214 830 0 0 
0 0 0 0 0 0 0 0 1 0 
0 0 0 205 192 393 
0 0 0 0 0 0 1 0 0 0 
0 205 192 393 366 598 
0 0 0 0 0 0 1 0 0 0 
0 201 174 406 370 557 
0 0 0 0 0 0 1 0 0 0 
0 232 196 383 406 606 
0 0 0 0 0 0 1 0 0 0 
0 187 210 410 379 615 
0 0 0 0 0 0 1 0 0 0 
0 200 169 405 374 588 
0 0 0 0 0 0 1 0 0 0 
0 236 205 419 388 589 
0 0 0 0 0 0 1 0 0 0 
0 214 183 384 401 1208 
0 0 0 0 0 0 1 0 0 0 
0 201 218 1025 0 0 
0 0 0 0 0 0 0 0 1 0 
0 0 0 205 200 414 
0 0 0 0 0 0 1 0 0 0 
0 205 200 414 388 602 
0 0 0 0 0 0 1 0 0 0 
0 214 188 402 371 580 
0 0 0 0 0 0 1 0 0 0 
0 214 183 392 397 602 
0 0 0 0 0 0 1 0 0 0 
0 209 214 419 392 637 
0 0 0 0 0 0 1 0 0 0 
0 205 178 423 387 606 
0 0 0 0 0 0 1 0 0 0 
0 245 209 428 406 611 
0 0 0 0 0 0 1 0 0 0 
0 219 197 402 406 1137 
0 0 0 0 0 0 1 0 0 0 
0 205 209 940 0 0 
0 0 0 0 0 0 0 0 1 0 
0 0 0 197 201 379 
0 0 0 0 0 0 1 0 0 0 
0 197 201 379 375 571 
0 0 0 0 0 0 1 0 0 0 
0 178 174 370 326 553 
0 0 0 0 0 0 1 0 0 0 
0 196 152 379 388 611 
0 0 0 0 0 0 1 0 0 0 
0 227 236 459 432 682 
0 0 0 0 0 0 1 0 0 0 
0 223 196 446 410 611 
0 0 0 0 0 0 1 0 0 0 
0 250 214 415 370 611 
0 0 0 0 0 0 1 0 0 0 
0 201 156 397 388 776 
0 0 0 0 0 0 1 0 0 0 
0 241 232 620 0 0 
0 0 0 0 0 0 0 1 0 0 
0 0 0 393 362 611 
0 0 0 0 0 0 0 1 0 0 
0 393 362 611 576 803 
0 0 0 0 0 0 1 0 0 0 
0 249 214 441 437 798 
0 0 0 0 0 0 1 0 0 0 
0 227 223 584 552 949 
0 0 0 0 0 0 0 1 0 0 
0 361 329 726 735 1484 
0 0 0 0 0 0 0 1 0 0 
0 397 406 1155 1169 1864 
0 0 0 0 0 0 0 0 1 0 
0 749 763 1458 0 0 
0 0 0 0 0 0 0 0 1 0 
0 0 0 214 201 402 
0 0 0 0 0 0 1 0 0 0 
0 214 201 402 388 598 
0 0 0 0 0 0 1 0 0 0 
0 201 187 397 383 615 
0 0 0 0 0 0 1 0 0 0 
0 210 196 428 428 633 
0 0 0 0 0 0 1 0 0 0 
0 232 232 437 620 937 
0 0 0 0 0 0 0 1 0 0 
0 205 388 705 749 928 
0 0 0 0 0 0 0 1 0 0 
0 317 361 540 522 705 
0 0 0 0 0 0 1 0 0 0 
0 179 161 344 335 593 
0 0 0 0 0 0 1 0 0 0 
0 183 174 432 410 588 
0 0 0 0 0 0 1 0 0 0 
0 258 236 414 472 914 
0 0 0 0 0 0 1 0 0 0 
0 178 236 678 0 0 
0 0 0 0 0 0 0 0 1 0 
0 0 0 214 205 419 
0 0 0 0 0 0 1 0 0 0 
0 214 205 419 410 606 
0 0 0 0 0 0 1 0 0 0 
0 214 205 401 437 593 
0 0 0 0 0 0 1 0 0 0 
0 196 232 388 401 597 
0 0 0 0 0 0 1 0 0 0 
0 156 169 365 548 843 
0 0 0 0 0 0 0 1 0 0 
0 196 379 674 767 946 
0 0 0 0 0 0 0 1 0 0 
0 295 388 567 558 700 
0 0 0 0 0 0 1 0 0 0 
0 179 170 312 343 517 
0 0 0 0 0 0 1 0 0 0 
0 142 173 347 365 512 
0 0 0 0 0 0 1 0 0 0 
0 174 192 339 379 861 
0 0 0 0 0 0 1 0 0 0 
0 147 187 669 0 0 
0 0 0 0 0 0 0 0 1 0 
0 0 0 371 388 732 
0 0 0 0 0 0 0 1 0 0 
0 371 388 732 732 1124 
0 0 0 0 0 0 0 1 0 0 
0 344 344 736 732 901 
0 0 0 0 0 0 0 1 0 0 
0 392 388 557 553 758 
0 0 0 0 0 0 1 0 0 0 
0 169 165 370 383 606 
0 0 0 0 0 0 1 0 0 0 
0 205 218 441 642 891 
0 0 0 0 0 0 0 1 0 0 
0 223 424 673 785 1565 
0 0 0 0 0 0 0 1 0 0 
0 249 361 1141 0 0 
0 0 0 0 0 0 0 0 1 0 
0 0 0 392 396 757 
0 0 0 0 0 0 0 1 0 0 
0 392 396 757 753 1132 
0 0 0 0 0 0 0 1 0 0 
0 361 357 736 749 959 
0 0 0 0 0 0 0 1 0 0 
0 379 392 602 593 816 
0 0 0 0 0 0 1 0 0 0 
0 210 201 424 428 647 
0 0 0 0 0 0 1 0 0 0 
0 223 227 446 606 834 
0 0 0 0 0 0 0 1 0 0 
0 219 379 607 740 1512 
0 0 0 0 0 0 0 1 0 0 
0 228 361 1133 0 0 
0 0 0 0 0 0 0 0 1 0 
0 0 0 802 780 1083 
0 0 0 0 0 0 0 0 1 0 
0 802 780 1083 1168 1395 
0 0 0 0 0 0 0 1 0 0 
0 303 388 615 584 780 
0 0 0 0 0 0 1 0 0 0 
0 227 196 392 419 1195 
0 0 0 0 0 0 1 0 0 0 
0 196 223 999 990 1342 
0 0 0 0 0 0 0 0 1 0 
0 776 767 1119 1128 1298 
0 0 0 0 0 0 0 1 0 0 
0 352 361 531 522 731 
0 0 0 0 0 0 1 0 0 0 
0 170 161 370 0 0 
0 0 0 0 0 0 1 0 0 0 
0 0 0 606 789 1404 
0 0 0 0 0 0 0 0 1 0 
0 606 789 1404 1560 1756 
0 0 0 0 0 0 0 0 1 0 
0 615 771 967 1159 1404 
0 0 0 0 0 0 0 1 0 0 
0 196 388 633 762 981 
0 0 0 0 0 0 0 1 0 0 
0 245 374 593 762 976 
0 0 0 0 0 0 0 1 0 0 
0 219 388 602 785 1378 
0 0 0 0 0 0 0 1 0 0 
0 214 397 990 1146 1735 
0 0 0 0 0 0 0 0 1 0 
0 593 749 1338 0 0 
0 0 0 0 0 0 0 0 1 0 
0 0 0 629 780 1365 
0 0 0 0 0 0 0 0 1 0 
0 629 780 1365 1538 1735 
0 0 0 0 0 0 0 0 1 0 
0 585 758 955 1137 1414 
0 0 0 0 0 0 0 1 0 0 
0 197 379 656 776 995 
0 0 0 0 0 0 0 1 0 0 
0 277 397 616 776 968 
0 0 0 0 0 0 0 1 0 0 
0 219 379 571 776 1356 
0 0 0 0 0 0 0 1 0 0 
0 192 397 977 1146 1792 
0 0 0 0 0 0 0 0 1 0 
0 580 749 1395 0 0 
0 0 0 0 0 0 0 0 1 0 
0 0 0 687 794 1431 
0 0 0 0 0 0 0 0 1 0 
0 687 794 1431 1561 1828 
0 0 0 0 0 0 0 0 1 0 
0 637 767 1034 1155 1418 
0 0 0 0 0 0 0 1 0 0 
0 267 388 651 771 1039 
0 0 0 0 0 0 0 1 0 0 
0 263 383 651 771 972 
0 0 0 0 0 0 0 1 0 0 
0 268 388 589 762 1373 
0 0 0 0 0 0 0 1 0 0 
0 201 374 985 1123 1837 
0 0 0 0 0 0 0 0 1 0 
0 611 749 1463 0 0 
0 0 0 0 0 0 0 0 1 0 


0 0 0 785 767 1186 
0 0 0 0 0 0 0 0 1 0
0 785 767 1186 1164 1378 
0 0 0 0 0 0 0 1 0 0
0 419 397 611 580 811 
0 0 0 0 0 0 1 0 0 0
0 214 183 414 428 1204 
0 0 0 0 0 0 1 0 0 0
0 231 245 1021 1021 1408 
0 0 0 0 0 0 0 0 1 0
0 776 776 1163 1137 1346 
0 0 0 0 0 0 0 1 0 0
0 387 361 570 544 771 
0 0 0 0 0 0 1 0 0 0
0 209 183 410 0 0 
0 0 0 0 0 0 1 0 0 0


0 0 0 388 375 776 
0 0 0 0 0 0 0 1 0 0
0 388 375 776 767 1133 
0 0 0 0 0 0 0 1 0 0
0 401 392 758 776 1155 
0 0 0 0 0 0 0 1 0 0
0 366 384 763 767 1150 
0 0 0 0 0 0 0 1 0 0
0 379 383 766 766 1123 
0 0 0 0 0 0 0 1 0 0
0 383 383 740 740 1141 
0 0 0 0 0 0 0 1 0 0
0 357 357 758 767 1128 
0 0 0 0 0 0 0 1 0 0
0 401 410 771 785 1529 
0 0 0 0 0 0 0 1 0 0
0 361 375 1119 0 0 
0 0 0 0 0 0 0 0 1 0


0 0 0 584 561 722 
0 1 0 0 0 0 0 1 0 0
0 584 561 722 753 1319 
0 0 0 0 0 0 1 0 0 0
0 161 192 758 740 923 
0 1 0 0 0 0 0 1 0 0
0 566 548 731 740 1280 
0 0 0 0 0 0 1 0 0 0
0 183 192 732 758 919 
0 1 0 0 0 0 0 1 0 0
0 540 566 727 727 1391 
0 0 0 0 0 0 1 0 0 0
0 161 161 825 825 1012 
0 1 0 0 0 0 0 1 0 0
0 664 664 851 869 1596 
0 0 0 0 0 0 1 0 0 0
0 187 205 932 0 0 
0 0 0 0 0 0 0 0 1 0


0 0 0 638 607 821 
0 1 0 0 0 0 0 1 0 0
0 638 607 821 830 1405 
0 0 0 0 0 0 1 0 0 0
0 214 223 798 798 932 
0 1 0 0 0 0 0 1 0 0
0 575 575 709 749 1324 
0 0 0 0 0 0 1 0 0 0
0 134 174 749 753 927 
0 1 0 0 0 0 0 1 0 0
0 575 579 753 767 1333 
0 0 0 0 0 0 1 0 0 0
0 174 188 754 740 901 
0 1 0 0 0 0 0 1 0 0
0 566 552 713 726 1524 
0 0 0 0 0 0 1 0 0 0
0 161 174 972 0 0 
0 0 0 0 0 0 0 0 1 0


0 0 0 535 513 727 
0 1 0 0 0 0 0 1 0 0
0 535 513 727 744 1319 
0 0 0 0 0 0 1 0 0 0
0 214 231 806 815 1016 
0 1 0 0 0 0 0 1 0 0
0 575 584 785 798 1329 
0 0 0 0 0 0 1 0 0 0
0 201 214 745 798 981 
0 1 0 0 0 0 0 1 0 0
0 531 584 767 785 1342 
0 0 0 0 0 0 1 0 0 0
0 183 201 758 754 941 
0 1 0 0 0 0 0 1 0 0
0 557 553 740 767 1547 
0 0 0 0 0 0 1 0 0 0
0 187 214 994 0 0 
0 0 0 0 0 0 0 0 1 0


0 0 0 642 625 807 
0 1 0 0 0 0 0 1 0 0
0 642 625 807 794 1378 
0 0 0 0 0 0 1 0 0 0
0 182 169 753 757 914 
0 1 0 0 0 0 0 1 0 0
0 584 588 745 749 1329 
0 0 0 0 0 0 1 0 0 0
0 157 161 741 754 901 
0 1 0 0 0 0 0 1 0 0
0 580 593 740 758 1320 
0 0 0 0 0 0 1 0 0 0
0 147 165 727 731 887 
0 1 0 0 0 0 0 1 0 0
0 562 566 722 753 1551 
0 0 0 0 0 0 1 0 0 0
0 156 187 985 0 0 
0 0 0 0 0 0 0 0 1 0


0 0 0 1182 1195 1521 
0 1 0 0 0 0 0 0 1 0
0 1182 1195 1521 1543 2707 
0 0 0 0 0 0 0 1 0 0
0 326 348 1512 1512 1846 
0 1 0 0 0 0 0 0 1 0
0 1164 1164 1498 1529 2657 
0 0 0 0 0 0 0 1 0 0
0 334 365 1493 0 0 
0 1 0 0 0 0 0 0 1 0


0 0 0 1124 1092 1525 
0 1 0 0 0 0 0 0 1 0
0 1124 1092 1525 1520 2617 
0 0 0 0 0 0 0 1 0 0
0 433 428 1525 1530 1984 
0 1 0 0 0 0 0 0 1 0
0 1097 1102 1556 1547 2693 
0 0 0 0 0 0 0 1 0 0
0 454 445 1591 0 0 
0 1 0 0 0 0 0 0 1 0



0 0 0 1155 1119 1596 
0 1 0 0 0 0 0 0 1 0
0 1155 1119 1596 1578 2679 
0 0 0 0 0 0 0 1 0 0
0 477 459 1560 1551 1975 
0 1 0 0 0 0 0 0 1 0
0 1101 1092 1516 1516 2662 
0 0 0 0 0 0 0 1 0 0
0 424 424 1570 0 0 
0 1 0 0 0 0 0 0 1 0


0 0 0 1110 1132 1525 
0 1 0 0 0 0 0 0 1 0
0 1110 1132 1525 1538 2688 
0 0 0 0 0 0 0 1 0 0
0 393 406 1556 1556 1966 
0 1 0 0 0 0 0 0 1 0
0 1150 1150 1560 1569 2742 
0 0 0 0 0 0 0 1 0 0
0 410 419 1592 0 0 
0 1 0 0 0 0 0 0 1 0




0 0 0 103 90 191 
0 0 0 0 0 1 0 0 0 0
0 103 90 191 177 285 
0 0 0 0 0 1 0 0 0 0
0 101 87 195 184 267 
0 0 0 0 0 1 0 0 0 0
0 108 97 180 178 294 
0 0 0 0 0 1 0 0 0 0
0 83 81 197 182 289 
0 0 0 0 0 1 0 0 0 0
0 116 101 208 195 300 
0 0 0 0 0 1 0 0 0 0
0 107 94 199 188 274 
0 0 0 0 0 1 0 0 0 0
0 105 94 180 182 285 
0 0 0 0 0 1 0 0 0 0
0 86 88 191 180 285 
0 0 0 0 0 1 0 0 0 0
0 103 92 197 193 289 
0 0 0 0 0 1 0 0 0 0
0 105 101 197 189 287 
0 0 0 0 0 1 0 0 0 0
0 96 88 186 193 292 
0 0 0 0 0 1 0 0 0 0
0 98 105 204 199 322 
0 0 0 0 0 1 0 0 0 0
0 99 94 217 204 300 
0 0 0 0 0 1 0 0 0 0
0 123 110 206 202 303 
0 0 0 0 0 1 0 0 0 0
0 96 92 193 199 447 
0 0 0 0 0 1 0 0 0 0
0 101 107 355 0 0 
0 0 0 0 0 0 1 0 0 0


0 0 0 173 175 344 
0 0 0 0 0 0 1 0 0 0
0 173 175 344 346 447 
0 0 0 0 0 0 1 0 0 0
0 169 171 272 272 366 
0 0 0 0 0 1 0 0 0 0
0 101 101 195 186 291 
0 0 0 0 0 1 0 0 0 0
0 94 85 190 184 276 
0 0 0 0 0 1 0 0 0 0
0 105 99 191 193 369 
0 0 0 0 0 1 0 0 0 0
0 92 94 270 276 462 
0 0 0 0 0 0 1 0 0 0
0 176 182 368 371 680 
0 0 0 0 0 0 1 0 0 0
0 186 189 498 0 0 
0 0 0 0 0 0 0 1 0 0


0 0 0 202 198 391 
0 0 0 0 0 0 1 0 0 0
0 202 198 391 382 478 
0 0 0 0 0 0 1 0 0 0
0 193 184 280 278 386 
0 0 0 0 0 1 0 0 0 0
0 96 94 202 186 300 
0 0 0 0 0 1 0 0 0 0
0 108 92 206 193 307 
0 0 0 0 0 1 0 0 0 0
0 114 101 215 204 399 
0 0 0 0 0 1 0 0 0 0
0 114 103 298 298 478 
0 0 0 0 0 0 1 0 0 0
0 195 195 375 390 702 
0 0 0 0 0 0 1 0 0 0
0 180 195 507 0 0 
0 0 0 0 0 0 0 1 0 0


0 0 0 114 105 206 
0 0 0 0 0 1 0 0 0 0
0 114 105 206 193 316 
0 0 0 0 0 1 0 0 0 0
0 101 88 211 198 279 
0 0 0 0 0 1 0 0 0 0
0 123 110 191 193 292 
0 0 0 0 0 1 0 0 0 0
0 81 83 182 179 280 
0 0 0 0 0 1 0 0 0 0
0 99 96 197 184 296 
0 0 0 0 0 1 0 0 0 0
0 101 88 200 191 281 
0 0 0 0 0 1 0 0 0 0
0 112 103 193 200 270 
0 0 0 0 0 1 0 0 0 0
0 90 97 167 182 285 
0 0 0 0 0 1 0 0 0 0
0 70 85 188 175 291 
0 0 0 0 0 1 0 0 0 0
0 103 90 206 195 292 
0 0 0 0 0 1 0 0 0 0
0 116 105 202 197 289 
0 0 0 0 0 1 0 0 0 0
0 97 92 184 182 294 
0 0 0 0 0 1 0 0 0 0
0 92 90 202 187 303 
0 0 0 0 0 1 0 0 0 0
0 112 97 213 202 296 
0 0 0 0 0 1 0 0 0 0
0 116 105 199 199 300 
0 0 0 0 0 1 0 0 0 0
0 94 94 195 186 287 
0 0 0 0 0 1 0 0 0 0
0 101 92 193 178 300 
0 0 0 0 0 1 0 0 0 0
0 101 86 208 200 305 
0 0 0 0 0 1 0 0 0 0
0 122 114 219 212 315 
0 0 0 0 0 1 0 0 0 0
0 105 98 201 190 315 
0 0 0 0 0 1 0 0 0 0
0 103 92 217 193 312 
0 0 0 0 0 1 0 0 0 0
0 125 101 220 211 298 
0 0 0 0 0 1 0 0 0 0
0 119 110 197 197 292 
0 0 0 0 0 1 0 0 0 0
0 87 87 182 175 289 
0 0 0 0 0 1 0 0 0 0
0 95 88 202 185 296 
0 0 0 0 0 1 0 0 0 0
0 114 97 208 200 296 
0 0 0 0 0 1 0 0 0 0
0 111 103 199 197 293 
0 0 0 0 0 1 0 0 0 0
0 96 94 190 184 278 
0 0 0 0 0 1 0 0 0 0
0 96 90 184 182 283 
0 0 0 0 0 1 0 0 0 0
0 94 92 193 188 278 
0 0 0 0 0 1 0 0 0 0
0 101 96 186 0 0 
0 0 0 0 0 1 0 0 0 0


0 0 0 94 86 200 
0 0 0 0 0 1 0 0 0 0
0 94 86 200 184 300 
0 0 0 0 0 1 0 0 0 0
0 114 98 214 201 298 
0 0 0 0 0 1 0 0 0 0
0 116 103 200 200 301 
0 0 0 0 0 1 0 0 0 0
0 97 97 198 187 303 
0 0 0 0 0 1 0 0 0 0
0 101 90 206 195 298 
0 0 0 0 0 1 0 0 0 0
0 116 105 208 197 293 
0 0 0 0 0 1 0 0 0 0
0 103 92 188 191 254 
0 0 0 0 0 1 0 0 0 0
0 96 99 162 167 283 
0 0 0 0 0 1 0 0 0 0
0 63 68 184 173 276 
0 0 0 0 0 1 0 0 0 0
0 116 105 208 201 282 
0 0 0 0 0 1 0 0 0 0
0 103 96 177 180 272 
0 0 0 0 0 1 0 0 0 0
0 81 84 176 176 283 
0 0 0 0 0 1 0 0 0 0
0 92 92 199 186 309 
0 0 0 0 0 1 0 0 0 0
0 107 94 217 201 296 
0 0 0 0 0 1 0 0 0 0
0 123 107 202 202 287 
0 0 0 0 0 1 0 0 0 0
0 95 95 180 171 287 
0 0 0 0 0 1 0 0 0 0
0 85 76 192 179 298 
0 0 0 0 0 1 0 0 0 0
0 116 103 222 213 309 
0 0 0 0 0 1 0 0 0 0
0 119 110 206 202 288 
0 0 0 0 0 1 0 0 0 0
0 96 92 178 167 274 
0 0 0 0 0 1 0 0 0 0
0 86 75 182 173 292 
0 0 0 0 0 1 0 0 0 0
0 107 98 217 208 306 
0 0 0 0 0 1 0 0 0 0
0 119 110 208 211 305 
0 0 0 0 0 1 0 0 0 0
0 98 101 195 182 289 
0 0 0 0 0 1 0 0 0 0
0 94 81 188 177 289 
0 0 0 0 0 1 0 0 0 0
0 107 96 208 193 296 
0 0 0 0 0 1 0 0 0 0
0 112 97 200 204 303 
0 0 0 0 0 1 0 0 0 0
0 103 107 206 195 293 
0 0 0 0 0 1 0 0 0 0
0 99 88 186 171 289 
0 0 0 0 0 1 0 0 0 0
0 98 83 201 186 289 
0 0 0 0 0 1 0 0 0 0
0 118 103 206 0 0 
0 0 0 0 0 1 0 0 0 0


0 0 0 228 212 307 
0 0 0 0 0 0 1 0 0 0
0 228 212 307 296 425 
0 0 0 0 0 1 0 0 0 0
0 95 84 213 204 386 
0 0 0 0 0 1 0 0 0 0
0 129 120 302 296 399 
0 0 0 0 0 0 1 0 0 0
0 182 176 279 268 371 
0 0 0 0 0 1 0 0 0 0
0 103 92 195 193 394 
0 0 0 0 0 1 0 0 0 0
0 103 101 302 298 368 
0 0 0 0 0 0 1 0 0 0
0 201 197 267 269 381 
0 0 0 0 0 1 0 0 0 0
0 70 72 184 184 375 
0 0 0 0 0 1 0 0 0 0
0 112 112 303 292 353 
0 0 0 0 0 0 1 0 0 0
0 191 180 241 246 371 
0 0 0 0 0 1 0 0 0 0
0 61 66 191 188 522 
0 0 0 0 0 1 0 0 0 0
0 125 122 456 0 0 
0 0 0 0 0 0 0 1 0 0


0 0 0 214 204 307 
0 0 0 0 0 0 1 0 0 0
0 214 204 307 291 399 
0 0 0 0 0 1 0 0 0 0
0 103 87 195 190 381 
0 0 0 0 0 1 0 0 0 0
0 108 103 294 285 384 
0 0 0 0 0 0 1 0 0 0
0 191 182 281 276 379 
0 0 0 0 0 1 0 0 0 0
0 99 94 197 200 390 
0 0 0 0 0 1 0 0 0 0
0 103 106 296 292 378 
0 0 0 0 0 0 1 0 0 0
0 190 186 272 269 383 
0 0 0 0 0 1 0 0 0 0
0 86 83 197 193 392 
0 0 0 0 0 1 0 0 0 0
0 114 110 309 305 384 
0 0 0 0 0 0 1 0 0 0
0 199 195 274 263 381 
0 0 0 0 0 1 0 0 0 0
0 79 68 186 189 568 
0 0 0 0 0 1 0 0 0 0
0 118 121 500 0 0 
0 0 0 0 0 0 0 1 0 0


0 0 0 232 230 368 
0 1 0 0 0 0 1 0 0 0
0 232 230 368 375 625 
0 0 0 0 0 1 0 0 0 0
0 138 145 395 399 513 
0 1 0 0 0 0 1 0 0 0
0 250 254 368 390 629 
0 0 0 0 0 1 0 0 0 0
0 114 136 375 382 513 
0 1 0 0 0 0 1 0 0 0
0 239 246 377 388 631 
0 0 0 0 0 1 0 0 0 0
0 131 142 385 392 519 
0 1 0 0 0 0 1 0 0 0
0 243 250 377 386 826 
0 0 0 0 0 1 0 0 0 0
0 127 136 576 0 0 
0 0 0 0 0 0 0 1 0 0


0 0 0 271 280 374 
0 1 0 0 0 0 1 0 0 0
0 271 280 374 364 629 
0 0 0 0 0 1 0 0 0 0
0 94 84 349 353 445 
0 1 0 0 0 0 1 0 0 0
0 265 269 361 363 670 
0 0 0 0 0 1 0 0 0 0
0 92 94 401 395 498 
0 1 0 0 0 0 1 0 0 0
0 307 301 404 402 684 
0 0 0 0 0 1 0 0 0 0
0 103 101 383 383 486 
0 1 0 0 0 0 1 0 0 0
0 282 282 385 390 782 
0 0 0 0 0 1 0 0 0 0
0 103 108 500 0 0 
0 0 0 0 0 0 0 1 0 0
